1	0.0637231077039586	0.0661456539781653	0.0771138484855209	0.0390827679733626	0.0319864105220597	0.0453354009180915
0.0637231077039586	1	0.129699411089844	-0.060046594865031	0.0207626867920013	0.0959118427058714	0.0246688436139575
0.0661456539781653	0.129699411089844	1	0.010071747769304	0.0273865010460061	0.0619084753927712	0.0383022909605083
0.0771138484855209	-0.060046594865031	0.010071747769304	1	0.0423313167572455	0.00767304035969501	0.0487801054970509
0.0390827679733626	0.0207626867920013	0.0273865010460061	0.0423313167572455	1	0.0505641714356171	0.038601017031069
0.0319864105220597	0.0959118427058714	0.0619084753927712	0.00767304035969501	0.0505641714356171	1	0.0326074445784316
0.0453354009180915	0.0246688436139575	0.0383022909605083	0.0487801054970509	0.038601017031069	0.0326074445784316	1
