1	0.154015784556909	0.0491582175215748	0.111188626501579	0.0616480741351473	0.0460225600271146	0.0184139494081298	0.0249551348325669	0.0301853861115989	0.047624422384322	0.0588367616530773	0.0481606652548218
0.154015784556909	1	0.099321357195883	0.112619280592797	0.0862482236645036	0.0379201414868706	-0.00945637212503862	0.0468942322559227	0.0800440173041503	0.0544550115109125	0.0406408678239772	0.0592229836077411
0.0491582175215748	0.099321357195883	1	0.11672260025909	0.0889761196090574	0.0492369049484008	0.0202850275758699	0.030308153016219	0.0860863626086347	0.0504476244248554	0.0518208072466025	0.0704412177815148
0.111188626501579	0.112619280592797	0.11672260025909	1	0.101620439732285	0.0464564696467207	0.0216762934489369	0.0458200708762685	0.018165654879014	0.0607080533914334	0.0676042053025649	0.0513572367988826
0.0616480741351473	0.0862482236645036	0.0889761196090574	0.101620439732285	1	0.0637046988129335	0.0250024861283459	0.041413012957685	0.0445485515636002	0.0408160087899305	0.0541093870525191	0.0652009977447349
0.0460225600271146	0.0379201414868706	0.0492369049484008	0.0464564696467207	0.0637046988129335	1	0.0495587428883641	0.0413196708419138	0.0689028540065758	0.0585062835946165	0.0356002118369481	0.0379284729831379
0.0184139494081298	-0.00945637212503862	0.0202850275758699	0.0216762934489369	0.0250024861283459	0.0495587428883641	1	0.11894404110911	-0.0499528214115214	0.0262233310440629	0.0830131834874689	0.0404401078899024
0.0249551348325669	0.0468942322559227	0.030308153016219	0.0458200708762685	0.041413012957685	0.0413196708419138	0.11894404110911	1	0.00101696589622273	0.0345300286328099	0.0592150321308149	0.0481851263069397
0.0301853861115989	0.0800440173041503	0.0860863626086347	0.018165654879014	0.0445485515636002	0.0689028540065758	-0.0499528214115214	0.00101696589622273	1	0.0539905796414572	0.0136504467517334	0.0486560561721191
0.047624422384322	0.0544550115109125	0.0504476244248554	0.0607080533914334	0.0408160087899305	0.0585062835946165	0.0262233310440629	0.0345300286328099	0.0539905796414572	1	0.048960307075868	0.0513091400834719
0.0588367616530773	0.0406408678239772	0.0518208072466025	0.0676042053025649	0.0541093870525191	0.0356002118369481	0.0830131834874689	0.0592150321308149	0.0136504467517334	0.048960307075868	1	0.0488747962821552
0.0481606652548218	0.0592229836077411	0.0704412177815148	0.0513572367988826	0.0652009977447349	0.0379284729831379	0.0404401078899024	0.0481851263069397	0.0486560561721191	0.0513091400834719	0.0488747962821552	1
